46
98
78
81
78
40
38
46
53
91
24
8
6
82
32
45
35
73
20
45
8
41
46
41
26
39
70
83
22
52
99
83
81
39
26
81
2
71
30
25
94
78
22
100
75
66
52
31
64
4
48
49
60
31
65
36
34
30
65
20
16
24
30
39
86
82
51
88
88
42
85
26
2
83
36
71
53
29
37
22
51
54
1
23
79
97
34
65
41
26
76
48
70
62
23
91
37
33
67
91
21
61
40
98
31
45
71
39
42
42
96
51
15
92
69
2
16
36
59
10
60
16
32
49
78
47
33
93
29
91
96
37
57
81
29
89
50
68
9
6
61
89
99
23
1
45
51
8
68
55
74
89
58
15
39
17
37
67
51
99
50
17
52
56
27
65
89
55
62
81
19
98
60
66
55
49
73
41
30
47
71
6
81
23
64
67
91
69
94
56
99
6
81
66
58
66
40
54
52
51
52
43
50
56
35
14
100
4
90
33
40
81
64
21
79
72
30
45
26
77
59
60
96
74
22
22
54
37
71
98
55
3
3
74
32
11
24
16
7
71
64
68
28
55
99
41
68
96
27
84
38
29
24
70
62
71
69
30
28
94
77
67
24
41
17
55
15
46
100
4
74
67
4
54
26
40
1
53
80
59
56
12
93
100
18
23
17
64
36
65
88
12
17
33
29
98
86
97
62
64
82
51
7
80
70
63
46
87
66
90
11
96
40
54
17
87
44
30
45
63
66
27
18
57
60
18
28
42
63
36
49
86
59
76
68
66
49
28
48
35
33
59
89
76
24
93
45
75
84
51
94
6
57
12
90
11
82
20
87
12
92
5
39
57
98
11
27
20
86
76
12
14
15
48
78
7
48
9
61
61
83
54
80
6
65
45
20
43
98
50
65
18
68
99
74
2
69
65
15
40
80
28
62
66
63
25
71
33
71
79
33
72
72
56
19
79
4
45
44
9
64
29
21
70
52
38
81
40
84
25
27
56
24
98
74
59
74
67
26
34
77
69
45
15
48
16
24
76
43
61
78
53
46
24
17
17
87
6
100
37
32
87
61
41
66
37
41
79
80
29
36
25
11
14
29
49
86
70
73
19
77
31
54
71
45
79
76
43
14
84
87
83
41
63
80
99
81
78
65
33
56
43
94
59
73
3
65
59
100
35
44
30
55
97
53
42
12
51
54
36
93
75
50
84
42
42
8
41
29
27
39
76
18
90
18
60
18
58
85
77
42
38
47
74
24
87
37
71
61
7
75
87
43
16
42
69
12
23
41
45
36
43
32
89
87
93
34
20
95
94
1
59
45
83
60
79
14
95
20
78
20
59
59
89
8
1
33
17
34
83
3
61
75
18
30
4
31
52
60
35
75
87
42
77
77
23
21
45
81
11
28
7
90
63
94
43
21
56
76
98
29
77
86
74
85
37
71
5
50
80
86
37
87
10
82
26
81
17
8
11
74
15
7
50
47
56
100
10
6
33
40
30
65
41
79
72
55
15
37
95
22
36
95
25
51
62
82
87
74
5
24
82
97
85
48
22
2
85
94
65
46
11
7
23
41
51
4
47
40
24
30
68
2
88
38
40
78
3
19
61
47
72
40
2
45
95
58
24
79
6
94
79
78
66
79
66
5
100
50
26
10
68
65
66
12
49
33
90
32
58
47
97
1
13
30
19
39
44
95
45
76
92
81
95
66
34
2
42
75
55
70
43
97
80
74
54
88
46
95
19
43
42
8
6
71
36
61
13
54
61
98
90
95
54
40
26
29
15
74
50
44
28
14
64
58
51
5
16
3
15
72
74
88
35
57
79
74
93
69
72
91
69
23
54
12
52
17
20
11
66
41
9
47
80
72
26
5
70
18
19
73
4
12
41
78
78
61
95
30
49
22
83
41
20
38
16
48
91
58
33
81
11
1
24
89
10
22
36
73
84
93
25
17
74
59
6
71
38
78
19
98
43
52
39
53
26
99
43
94
86
9
17
31
96
61
24
53
34
18
72
23
37
58
72
100
28
93
58
91
79
75
39
15
64
60
36
99
96
6
20
15
29
80
63
76
67
17
50
61
77
39
48
74
69
21
93
89
15
59
93
15
25
36
59
56
75
8
6
74
33
75
23
19
61
50
36
57
95
77
37
73
78
64
82
99
45
42
36
97
97
95
7
79
29
61
2
70
20
93
16
35
66
43
76
53
97
59
100
69
49
97
36
30
49
43
56
66
92
61
36
40
12
14
31
74
6
98
50
48
51
79
72
57
54
88
90
6
65
82
55
